Layer 0:
	Neuron 0:
		Weights:
			[-0.0785  0.1162 -0.0818 -0.0862  0.0526]
		Output: 0.5038632098071726
	Neuron 1:
		Weights:
			[ 0.0914 -0.1165  0.0016  0.0065 -0.0228]
		Output: 0.26115562250261976
	Neuron 2:
		Weights:
			[-0.1441  0.0807  0.055  -0.0228  0.0759]
		Output: 0.2817745285607616
	Neuron 3:
		Weights:
			[-0.0725  0.0438 -0.2415 -0.1149  0.0121]
		Output: 0.2489384215518753
	Neuron 4:
		Weights:
			[-0.1006 -0.1287  0.0141  0.046   0.025 ]
		Output: 0.25943867600081333
	Neuron 5:
		Weights:
			[ 0.1924  0.1203  0.0767 -0.1422 -0.0376]
		Output: 0.5211895926597587
	Neuron 6:
		Weights:
			[-0.1561  0.2338 -0.1138  0.1239 -0.1112]
		Output: 0.2636070906739636
	Neuron 7:
		Weights:
			[ 0.0063  0.1709  0.1148  0.0443 -0.1009]
		Output: 0.5179832654174851
	Neuron 8:
		Weights:
			[ 0.0743 -0.2249 -0.079  -0.2028  0.049 ]
		Output: 0.2483637993829265
	Neuron 9:
		Weights:
			[ 0.0114 -0.1176  0.0878 -0.1136  0.0053]
		Output: 0.4952993950330486
Layer 1:
	Neuron 0:
		Weights:
			[-0.0082 -0.0066  0.0015  0.0418  0.0617  0.0804 -0.0157 -0.2834  0.0421 -0.1225]
		Output: 0.2426384160492061
	Neuron 1:
		Weights:
			[ 0.0365 -0.0514 -0.0459 -0.0924 -0.0417 -0.1424  0.0454 -0.0712 -0.0042 -0.0776]
		Output: 0.23498771846213046
	Neuron 2:
		Weights:
			[-0.1628  0.0604  0.164   0.0211 -0.1121 -0.0367  0.0128 -0.0905  0.0507  0.1476]
		Output: 0.4947997777717635
	Neuron 3:
		Weights:
			[-0.0771 -0.0702 -0.109  -0.0396 -0.088   0.071   0.0645  0.2157 -0.0102 -0.0664]
		Output: 0.5024247708334119
	Neuron 4:
		Weights:
			[ 0.0438 -0.099   0.1309  0.1136  0.0788  0.0754  0.1503  0.112   0.0433 -0.0555]
		Output: 0.5503254039537951
	Neuron 5:
		Weights:
			[ 0.084  -0.046   0.0503  0.287  -0.0604  0.0751  0.0021 -0.0389 -0.029   0.0419]
		Output: 0.29595208186052985
	Neuron 6:
		Weights:
			[ 0.0056  0.0282  0.0984  0.1588  0.0294 -0.0713  0.0181  0.2074  0.05    0.0004]
		Output: 0.304237372846348
	Neuron 7:
		Weights:
			[-0.0461 -0.0324  0.0376  0.0739 -0.0318 -0.0416 -0.1474  0.1278 -0.0301 -0.0124]
		Output: 0.2652414724447743
	Neuron 8:
		Weights:
			[-0.1937  0.0805  0.159   0.1578 -0.0145  0.1005  0.0219  0.1143 -0.0486 -0.0856]
		Output: 0.5166486188012447
	Neuron 9:
		Weights:
			[ 0.0548 -0.142  -0.0229  0.1088  0.1501 -0.0358 -0.1394  0.027  -0.0853 -0.1312]
		Output: 0.48064017815453974
	Neuron 10:
		Weights:
			[ 0.0615 -0.1014  0.0139  0.0378 -0.0438 -0.0379 -0.1001 -0.0035 -0.2047 -0.1022]
		Output: 0.4643286866890504
	Neuron 11:
		Weights:
			[ 0.0257 -0.119   0.1986  0.0784 -0.1621  0.1289  0.0104  0.0807 -0.1404  0.01  ]
		Output: 0.28845109960489446
	Neuron 12:
		Weights:
			[-0.0708  0.0029 -0.0023  0.0533  0.1956  0.1806 -0.0942  0.1124 -0.2006  0.1317]
		Output: 0.5427306135178999
	Neuron 13:
		Weights:
			[ 0.0924  0.0979  0.049   0.0677 -0.1825  0.0405  0.1915  0.073  -0.08   -0.0446]
		Output: 0.29377637828897873
	Neuron 14:
		Weights:
			[-0.069   0.1914 -0.0617  0.1979 -0.1557 -0.0163  0.0105 -0.1763 -0.1161 -0.0314]
		Output: 0.2432961559147519
	Neuron 15:
		Weights:
			[-0.1542 -0.2243  0.0247  0.0692  0.0407 -0.0382 -0.0352  0.1186 -0.22    0.189 ]
		Output: 0.49242687178597416
	Neuron 16:
		Weights:
			[-0.0848 -0.0123  0.0505 -0.0608  0.0797  0.1159  0.1498  0.0173 -0.1501 -0.1495]
		Output: 0.49283186265573875
	Neuron 17:
		Weights:
			[-0.1939 -0.0432  0.0397 -0.0453 -0.1209 -0.0418  0.067   0.0353 -0.012   0.0467]
		Output: 0.4734897589505238
	Neuron 18:
		Weights:
			[-0.1425  0.0541 -0.1837 -0.0874 -0.06    0.1057 -0.0054 -0.0891 -0.1254 -0.1366]
		Output: 0.22477716198051653
	Neuron 19:
		Weights:
			[-0.1258 -0.1255  0.062  -0.0261 -0.0575 -0.1613 -0.11   -0.118  -0.0969  0.2491]
		Output: 0.23595124636970072
Layer 2:
	Neuron 0:
		Weights:
			[ 0.0261 -0.0306 -0.0119 -0.0974 -0.1443 -0.0738  0.0712 -0.124   0.0569  0.0404  0.1343  0.0613 -0.0053  0.0419 -0.0547 -0.1003  0.084   0.1278  0.1103  0.0351]
		Output: 0.5106107390463495
	Neuron 1:
		Weights:
			[-0.0726  0.0504  0.0674  0.049  -0.1194  0.0027 -0.1146 -0.0091  0.0397 -0.0081 -0.0811  0.0299  0.0878 -0.0258 -0.2449  0.1425 -0.1743 -0.0397  0.0556 -0.0227]
		Output: 0.4727260058840767
	Neuron 2:
		Weights:
			[-0.0199 -0.0065  0.0941 -0.0713  0.0646 -0.0583  0.0529  0.1119  0.178   0.0344  0.0421  0.0841  0.0758  0.0585 -0.11   -0.0637  0.0057  0.0435 -0.0979 -0.0562]
		Output: 0.3119972493942179
	Neuron 3:
		Weights:
			[ 0.0416 -0.0266  0.0946 -0.1474  0.1386  0.0894 -0.1104  0.1843 -0.0636 -0.0067 -0.0707 -0.0575 -0.0571  0.203   0.0462  0.0147  0.1541  0.0053  0.0283  0.053 ]
		Output: 0.538309237722095
	Neuron 4:
		Weights:
			[-0.0942 -0.0022  0.0461 -0.0844 -0.085   0.0785 -0.0517  0.1336 -0.0652 -0.2041  0.0679 -0.1955 -0.0329 -0.0751  0.0879 -0.01    0.0979  0.1469 -0.1079  0.0441]
		Output: 0.46930490234353117
	Neuron 5:
		Weights:
			[ 0.1132 -0.066   0.0224 -0.1072  0.1021  0.015  -0.0693  0.0582 -0.0836 -0.0357 -0.1097  0.1159  0.0771  0.027  -0.0314  0.1025 -0.0618 -0.0144 -0.1414  0.0028]
		Output: 0.26318758521954566
	Neuron 6:
		Weights:
			[ 0.0158 -0.2395  0.0281  0.066   0.0408 -0.1451 -0.1326 -0.0665 -0.0478 -0.1446  0.1037  0.0924  0.1459 -0.0702 -0.1547 -0.0051  0.1991 -0.1669 -0.1487 -0.0132]
		Output: 0.249317076340381
	Neuron 7:
		Weights:
			[-0.0811  0.035  -0.0376  0.0823 -0.1123  0.0112  0.0688 -0.1049  0.2168  0.1094  0.1158  0.0365  0.0159  0.0989  0.0662  0.0029  0.078   0.2219 -0.0053 -0.1481]
		Output: 0.583562176635963
	Neuron 8:
		Weights:
			[-0.0801  0.0723 -0.0617  0.0481 -0.0744 -0.0717 -0.0334 -0.0264 -0.0696  0.0975  0.0281  0.0202 -0.1214  0.0522  0.0288 -0.0307 -0.0099  0.1858  0.0343  0.0124]
		Output: 0.49418786993368036
	Neuron 9:
		Weights:
			[ 0.0498  0.0192 -0.123   0.1084  0.1096 -0.212   0.0277 -0.2051 -0.0889  0.018   0.127   0.0425  0.0026 -0.0064  0.1991  0.008   0.0913  0.0762  0.0568  0.0457]
		Output: 0.5379893876514419

Network output: