Layer 0:
	Neuron 0:
		Weights:
			[-0.0165 -0.001  -0.0054 -0.1036  0.0448]
		Output: 0.2701121218816915
	Neuron 1:
		Weights:
			[-0.0227 -0.098   0.0912 -0.0848 -0.0154]
		Output: 0.2642919909916394
	Neuron 2:
		Weights:
			[-0.0991  0.1339  0.0857  0.0365 -0.0602]
		Output: 0.510941899254668
	Neuron 3:
		Weights:
			[-0.0122  0.0523 -0.0711  0.1662 -0.0572]
		Output: 0.26457480176739645
	Neuron 4:
		Weights:
			[ 0.1093 -0.0339  0.0456  0.0674 -0.0495]
		Output: 0.5022010678233
	Neuron 5:
		Weights:
			[ 0.1474  0.0218  0.0683  0.0364 -0.0328]
		Output: 0.513509035347056
	Neuron 6:
		Weights:
			[ 0.118  -0.019   0.0473 -0.1394 -0.0507]
		Output: 0.26775977392498024
	Neuron 7:
		Weights:
			[ 0.1339 -0.2048 -0.087   0.1171 -0.0723]
		Output: 0.4704253218134602
	Neuron 8:
		Weights:
			[-0.0364  0.1156  0.0622  0.0341 -0.1057]
		Output: 0.2719028842837527
	Neuron 9:
		Weights:
			[ 0.0281 -0.0391  0.0774 -0.0222 -0.0034]
		Output: 0.27247077680078513
Layer 1:
	Neuron 0:
		Weights:
			[ 0.0011 -0.1825  0.1416  0.0872  0.0138 -0.0048 -0.051   0.1979 -0.0379  0.0207]
		Output: 0.2945613664016089
	Neuron 1:
		Weights:
			[-0.1535  0.0987  0.0599 -0.0572 -0.0411  0.0222  0.0161  0.1189 -0.1243 -0.0294]
		Output: 0.2707819845545343
	Neuron 2:
		Weights:
			[-0.0938 -0.0799 -0.12   -0.0394  0.0282  0.0129  0.1369 -0.062   0.0557 -0.0131]
		Output: 0.4804158947850808
	Neuron 3:
		Weights:
			[-0.1512  0.107  -0.0324  0.0089  0.0123 -0.0806 -0.0539  0.2407 -0.0225  0.0308]
		Output: 0.27670908438950964
	Neuron 4:
		Weights:
			[-1.5879e-01 -1.3652e-01  2.8370e-02  8.5581e-02  2.3244e-01  7.0945e-05  8.1765e-02  1.7202e-01  7.5412e-02  1.9187e-01]
		Output: 0.3209374126292851
	Neuron 5:
		Weights:
			[ 0.0082 -0.0028 -0.0349  0.1629 -0.1127  0.0594 -0.1486  0.1013  0.0797 -0.0797]
		Output: 0.5021129690327106
	Neuron 6:
		Weights:
			[ 0.0895  0.0009  0.0631 -0.1079 -0.0482 -0.0153 -0.0999  0.0456  0.0959 -0.043 ]
		Output: 0.2699456315760185
	Neuron 7:
		Weights:
			[-0.0437 -0.1301  0.0146 -0.1242  0.0688  0.0055 -0.1203  0.1727 -0.0309  0.0413]
		Output: 0.5044089973973387
	Neuron 8:
		Weights:
			[ 0.0235 -0.0646  0.0175 -0.1048  0.111   0.0494 -0.1525 -0.1365  0.2157 -0.015 ]
		Output: 0.26916257801153726
	Neuron 9:
		Weights:
			[-0.0064  0.276   0.0228 -0.035   0.0719  0.0766 -0.0544  0.0236  0.2179  0.1351]
		Output: 0.5601274144400146
	Neuron 10:
		Weights:
			[ 0.0281  0.0946 -0.0168 -0.1042 -0.033  -0.0156  0.0541 -0.0265  0.0173 -0.0151]
		Output: 0.26395926190069474
	Neuron 11:
		Weights:
			[ 0.1854 -0.0907 -0.1123  0.0358  0.0232  0.0415  0.14    0.0909  0.1425 -0.1108]
		Output: 0.5249626892529915
	Neuron 12:
		Weights:
			[-0.045  -0.0606 -0.1484 -0.1751 -0.1651 -0.1549 -0.0427 -0.0299  0.1258  0.0899]
		Output: 0.43055070681654883
	Neuron 13:
		Weights:
			[ 0.0705  0.0121  0.1134  0.0372 -0.0347 -0.0941 -0.1924  0.0932 -0.0855 -0.0221]
		Output: 0.49684626483185523
	Neuron 14:
		Weights:
			[ 0.0773  0.1225  0.0851  0.0371 -0.0473 -0.1337 -0.2109  0.0048 -0.0677 -0.0074]
		Output: 0.48486981953895436
	Neuron 15:
		Weights:
			[-0.0632  0.084  -0.0475 -0.1538  0.1052  0.1721 -0.0682 -0.1665  0.0634 -0.0014]
		Output: 0.2692759091295838
	Neuron 16:
		Weights:
			[-0.045   0.0212  0.185   0.0735  0.023   0.1837 -0.034  -0.1025 -0.0535 -0.0383]
		Output: 0.5326921805905223
	Neuron 17:
		Weights:
			[ 0.0709  0.1261  0.0329  0.0594  0.02    0.022   0.1198  0.1831 -0.1032 -0.1657]
		Output: 0.29971598949294814
	Neuron 18:
		Weights:
			[ 0.0074  0.0131 -0.0878 -0.0525 -0.0825  0.0583  0.0171  0.2238 -0.014  -0.0198]
		Output: 0.5089655259190046
	Neuron 19:
		Weights:
			[-0.0939 -0.0952 -0.115  -0.0288 -0.0532  0.0496  0.0579  0.0402 -0.0743 -0.1666]
		Output: 0.24060980356327996
Layer 2:
	Neuron 0:
		Weights:
			[ 0.1447 -0.1359 -0.0402 -0.0296 -0.0264  0.126  -0.2084 -0.1305  0.0503 -0.0288 -0.0233  0.0347  0.0332 -0.0696  0.0018  0.12    0.0513 -0.0572 -0.02   -0.0596]
		Output: 0.2533324020933222
	Neuron 1:
		Weights:
			[ 0.0827 -0.1198 -0.0785 -0.182  -0.0614  0.1145  0.176   0.0929  0.067   0.0433 -0.1833 -0.0631 -0.0632 -0.1474  0.043   0.1035 -0.171   0.0125 -0.1082  0.0118]
		Output: 0.4514848040912472
	Neuron 2:
		Weights:
			[ 0.0189 -0.0792 -0.1083 -0.0539  0.011   0.0385  0.1318  0.0787 -0.0185  0.2169  0.1625 -0.0019  0.0768  0.025  -0.0154  0.2248  0.0472  0.1022  0.0193 -0.2275]
		Output: 0.32809530403951304
	Neuron 3:
		Weights:
			[-0.0849  0.0549  0.0043  0.0076  0.0263 -0.0338 -0.0767 -0.0161  0.0551 -0.0261  0.0975 -0.0782  0.0364 -0.1183  0.1545 -0.0903 -0.1316 -0.0866 -0.0743  0.0126]
		Output: 0.2347233288886792
	Neuron 4:
		Weights:
			[ 0.1484 -0.088   0.0273 -0.1425 -0.1284 -0.0718  0.0392 -0.0188 -0.0577 -0.0419  0.1604  0.0742 -0.1341  0.0443  0.1364 -0.0731  0.0079  0.0144 -0.061  -0.0576]
		Output: 0.48351512989684087
	Neuron 5:
		Weights:
			[ 0.1319  0.1857 -0.0369 -0.0049  0.1548 -0.0942 -0.2676 -0.2787  0.0913 -0.0548  0.0564  0.0719  0.0346  0.0267 -0.0166 -0.1192 -0.0941 -0.1436 -0.104  -0.0533]
		Output: 0.43416922561454757
	Neuron 6:
		Weights:
			[ 0.0402 -0.2238 -0.041   0.0405 -0.0085 -0.1824 -0.3831 -0.1257  0.0078 -0.0643  0.053   0.1475  0.1169  0.0159 -0.0448 -0.0255 -0.0424 -0.045   0.0758 -0.0252]
		Output: 0.4415835780630272
	Neuron 7:
		Weights:
			[-0.0082  0.1229 -0.048  -0.0566  0.0962  0.0765 -0.0258 -0.0126  0.0665  0.129   0.149   0.1424  0.0159 -0.0426 -0.0623  0.0705 -0.0534 -0.0668  0.054  -0.0512]
		Output: 0.30864189689492866
	Neuron 8:
		Weights:
			[-0.0859  0.0869  0.0758  0.0152 -0.1252 -0.0027  0.0852 -0.1937  0.1381 -0.0421  0.113  -0.034   0.0387  0.0365  0.1813 -0.1167  0.004   0.0293  0.1365  0.0128]
		Output: 0.29377251655757003
	Neuron 9:
		Weights:
			[-0.2788  0.109  -0.0543 -0.0687  0.0702  0.1137 -0.0336  0.0928 -0.0473 -0.0072  0.1435  0.103  -0.0809 -0.009   0.0511 -0.0405  0.042  -0.055  -0.082  -0.0332]
		Output: 0.273997858544041

Network output: